<?xml version="1.0"?>
<opencv_storage>
<intrinsic type_id="opencv-matrix">
  <rows>3</rows>
  <cols>3</cols>
  <dt>d</dt>
  <data>
    1.4187435660485901e+03 0. 9.8462913115823915e+02 0.
    1.4188220557960960e+03 6.1986201872966637e+02 0. 0. 1.</data></intrinsic>
<distortion type_id="opencv-matrix">
  <rows>1</rows>
  <cols>5</cols>
  <dt>d</dt>
  <data>
    -3.2738961369394812e-04 1.3311531890235308e-03
    1.3386332377759661e-05 2.4714572551610378e-04
    -2.4704810807571575e-03</data></distortion>
</opencv_storage>
